{
  "best_fitness": -26.59999999999999,
  "generations": 10,
  "final_sigma": 0.8170728068875467
}